0.000000000000000000e+00,3.796556389275298926e+00,5.850460022223464840e+00,7.797230604302542112e+00,1.071852928597512467e+01,1.284873124492698082e+01,1.498962746033292603e+01,1.798116586686554541e+01,2.035095028204265333e+01,2.203678315497551310e+01,2.482388538159781532e+01,2.274842984372708443e+01,2.060597671083235838e+01,2.391138278378773663e+01,2.542864855028663129e+01,2.254561323384414351e+01,2.316844776046526988e+01,2.694711516931673145e+01,2.700797745903878067e+01,2.426913584012091363e+01,2.291919060819640919e+01,1.979853297718504379e+01,1.838208517688544319e+01,1.684447509084165162e+01,2.048635535717556877e+01,2.189524503852275927e+01,2.249553987671595578e+01,2.238125308451083129e+01,2.277703802174702474e+01,2.187026405960360975e+01,1.970461352488931794e+01,1.861673198324562151e+01,1.674716276015156424e+01,1.830136990900882665e+01,2.120992716448813198e+01,2.411364290311983893e+01,2.705713550836060222e+01,2.899664040045676217e+01,2.638981294976084513e+01,2.623246133062966479e+01,3.002569641880124607e+01,3.042736669910079428e+01,2.810190810319432941e+01,2.985703784268482508e+01,3.302727050714887724e+01,3.161944572628805616e+01,3.099577018501946668e+01
3.796556389275298926e+00,0.000000000000000000e+00,3.804482190121920571e+00,6.253067969696651573e+00,8.180288828325513961e+00,9.591625295343572333e+00,1.143083273692578672e+01,1.446179834364830796e+01,1.709902674220048269e+01,1.896361842000839459e+01,2.149750842037664356e+01,1.919997144361518693e+01,1.722863914220265968e+01,2.064777388579706496e+01,2.191227926258163805e+01,1.898762673233601816e+01,1.989169214837516719e+01,2.362102175629664913e+01,2.347140641282529572e+01,2.083388888617018608e+01,1.928331088737314047e+01,1.614472004748532541e+01,1.459675661900400812e+01,1.319544911935732046e+01,1.690231267535603621e+01,1.817824895374775451e+01,1.889461035603401129e+01,1.882530829433481401e+01,1.948541218798375851e+01,1.871143852230495241e+01,1.693709738313089730e+01,1.587395367627981457e+01,1.355038671807604622e+01,1.483652176201328743e+01,1.756105075863040810e+01,2.052883362404299916e+01,2.341413773722588587e+01,2.533203656459834008e+01,2.267969014022260410e+01,2.245026796131442026e+01,2.624446987038463419e+01,2.666195923827438818e+01,2.433071833553559316e+01,2.607323675555321074e+01,2.925234513103951883e+01,2.791230392286189854e+01,2.733378710512247523e+01
5.850460022223464840e+00,3.804482190121920571e+00,0.000000000000000000e+00,3.803731666822247615e+00,6.363781623717130742e+00,7.781009385226245634e+00,1.067838889565827287e+01,1.298467603283921079e+01,1.499355818628234438e+01,1.632670529013870109e+01,1.922745974522029755e+01,1.742161123662464917e+01,1.504754026068133044e+01,1.827810627364772245e+01,2.008272453414107162e+01,1.749824217372364288e+01,1.802055351308958819e+01,2.179404214293634823e+01,2.217425038657539815e+01,1.978187724101384148e+01,1.867602464174350274e+01,1.607147279010987262e+01,1.454572421338581734e+01,1.411928768989467819e+01,1.787015244993723684e+01,1.871685067913911382e+01,1.964632670075877030e+01,1.910106570631858958e+01,1.967389179437711277e+01,1.827843189604611851e+01,1.671806159706979145e+01,1.650804228527440287e+01,1.413669517851211843e+01,1.457029169806214242e+01,1.713445337478858477e+01,1.957524895111661323e+01,2.221988101541716532e+01,2.459278917291745969e+01,2.237143644624154959e+01,2.186252687538340922e+01,2.557877082304853644e+01,2.651271610435146187e+01,2.439295479330489158e+01,2.574556244136085326e+01,2.916409591949071256e+01,2.830626710274061253e+01,2.766004018719878488e+01
7.797230604302542112e+00,6.253067969696651573e+00,3.803731666822247615e+00,0.000000000000000000e+00,3.804006329851096879e+00,6.787344875822117096e+00,9.955368657745912842e+00,1.218092050182126407e+01,1.363841214630510201e+01,1.523777028763843511e+01,1.840097641815101781e+01,1.705112142512830076e+01,1.509994496195321645e+01,1.843749627903374133e+01,2.038421930391424297e+01,1.832931373210099224e+01,1.920500544722048275e+01,2.283640942917191552e+01,2.325100512680643661e+01,2.137529470187214287e+01,2.003831769510146188e+01,1.763535050789229430e+01,1.543437240192080040e+01,1.545246575726711313e+01,1.921874481140534030e+01,1.935838556597342830e+01,1.969587242930153081e+01,1.844995534704372631e+01,1.832387959884659168e+01,1.638405682934732610e+01,1.440690420658136617e+01,1.473190164069496610e+01,1.301763887753723914e+01,1.345573447087125807e+01,1.643422480424710841e+01,1.851857055822873477e+01,2.140551717157162770e+01,2.373286779430980431e+01,2.186039320811477182e+01,2.181052046635894470e+01,2.544785448328238076e+01,2.640830644242230818e+01,2.477437579759255826e+01,2.629632350517093542e+01,2.966285764539427561e+01,2.900404950428433892e+01,2.879836538048581218e+01
1.071852928597512467e+01,8.180288828325513961e+00,6.363781623717130742e+00,3.804006329851096879e+00,0.000000000000000000e+00,3.804568655824643653e+00,6.632066988199463609e+00,8.856627076242039820e+00,1.039572195953322442e+01,1.260400460470407324e+01,1.550396886913350336e+01,1.407570296605553573e+01,1.274855306678977307e+01,1.629577689125788709e+01,1.789549168258226430e+01,1.611736557419287408e+01,1.758708407506820848e+01,2.099825978200862409e+01,2.110116282059091475e+01,1.965590110144394842e+01,1.793758592901519577e+01,1.569755465375897430e+01,1.297216127292504062e+01,1.347299961188729256e+01,1.708073988135748777e+01,1.660868579813133650e+01,1.664175591766391094e+01,1.500908513132523403e+01,1.472547798080911896e+01,1.263384527039266736e+01,1.089627431704981753e+01,1.158949325183132295e+01,9.824403305842908551e+00,9.863890660153403545e+00,1.290899508575903099e+01,1.487093228779939658e+01,1.790187124231557902e+01,2.010462913720747835e+01,1.835238141109167742e+01,1.856275948102071283e+01,2.213871696916035248e+01,2.305355805882994957e+01,2.171222982839614346e+01,2.335953292981362495e+01,2.663498077233560224e+01,2.610819514075447145e+01,2.622676234130560502e+01
1.284873124492698082e+01,9.591625295343572333e+00,7.781009385226245634e+00,6.787344875822117096e+00,3.804568655824643653e+00,0.000000000000000000e+00,3.803613999570612858e+00,5.425880372921247030e+00,7.542017316345675404e+00,9.828999324799742254e+00,1.233212232775094286e+01,1.049494023413504351e+01,9.179700967506615683e+00,1.285896482214688064e+01,1.419322884137791441e+01,1.234634791579351010e+01,1.403338718116145145e+01,1.735826199599902253e+01,1.732364160289088773e+01,1.600650500877776494e+01,1.426844314007629144e+01,1.231292249460023136e+01,9.645861220628784594e+00,1.086712093028146420e+01,1.425446009476288545e+01,1.360275332776359747e+01,1.413201099806540739e+01,1.266773937028646912e+01,1.311628399088694508e+01,1.128034557395512927e+01,1.070933657059751987e+01,1.153540926367892716e+01,8.900525500147711710e+00,7.748415580401889713e+00,1.003649936111304442e+01,1.196902123592627909e+01,1.470148839869448487e+01,1.712523729688889773e+01,1.533918427442283061e+01,1.510359547200571839e+01,1.869192247831121279e+01,1.983646150003448483e+01,1.837958573933156003e+01,1.976785069753514890e+01,2.315355289149244200e+01,2.281762544489734523e+01,2.278999405313801674e+01
1.498962746033292603e+01,1.143083273692578672e+01,1.067838889565827287e+01,9.955368657745912842e+00,6.632066988199463609e+00,3.803613999570612858e+00,0.000000000000000000e+00,3.809714390266674133e+00,7.180926336316483471e+00,1.037768247314624936e+01,1.181430899203399321e+01,9.259570113008649628e+00,9.211654595124704414e+00,1.296862946013891005e+01,1.327804014493134410e+01,1.141336019342948127e+01,1.399899761092178707e+01,1.693623290873971499e+01,1.611403562837617187e+01,1.507226003312955065e+01,1.258262972232792265e+01,1.047320607158044581e+01,7.088715910202030734e+00,8.432879703980644237e+00,1.146925916496621234e+01,1.026329511564187236e+01,1.040203666634562296e+01,8.893496861736032599e+00,9.661554370452932972e+00,8.492496324597350821e+00,8.630831670278620749e+00,9.025309412667521514e+00,5.867449059541010925e+00,4.212563654561179760e+00,6.534439726964052397e+00,9.124275306003282182e+00,1.220852779136203914e+01,1.409980284578330334e+01,1.192888949134860255e+01,1.212057635996714566e+01,1.578544698405261748e+01,1.648803068803057670e+01,1.509902978152028830e+01,1.691870205009077566e+01,2.007364703625448143e+01,1.953785688509325880e+01,1.987392139199416619e+01
1.798116586686554541e+01,1.446179834364830796e+01,1.298467603283921079e+01,1.218092050182126407e+01,8.856627076242039820e+00,5.425880372921247030e+00,3.809714390266674133e+00,0.000000000000000000e+00,3.790334130619897213e+00,6.933941964673993041e+00,8.008604822494957531e+00,5.647572979695488549e+00,6.094012634264024619e+00,9.657065352656184487e+00,1.002372458721697157e+01,8.946794659053832532e+00,1.162236949570391431e+01,1.418146412246466959e+01,1.363711986081085570e+01,1.331829612139445196e+01,1.122480180649488979e+01,1.028091007904247611e+01,7.335221966381220149e+00,1.010639467197795405e+01,1.240597773020989791e+01,1.057589039437894662e+01,1.115288795984460712e+01,9.262390346753470283e+00,1.025604042922679326e+01,8.603419253999005534e+00,9.945950259102183111e+00,1.136007164694467519e+01,8.623994771115379265e+00,5.407009239254763955e+00,5.729630205596278891e+00,6.856733589347169477e+00,9.290695457583952432e+00,1.190171230467153229e+01,1.049073648228281463e+01,1.008450450494751749e+01,1.348488840288287349e+01,1.494801962431102282e+01,1.395417711576287978e+01,1.511951975580290686e+01,1.846582782645251442e+01,1.864085903001979361e+01,1.893508683143512883e+01
2.035095028204265333e+01,1.709902674220048269e+01,1.499355818628234438e+01,1.363841214630510201e+01,1.039572195953322442e+01,7.542017316345675404e+00,7.180926336316483471e+00,3.790334130619897213e+00,0.000000000000000000e+00,3.840338745226191453e+00,5.462815077958760313e+00,5.123990169353422885e+00,5.867735494786328942e+00,8.553447359160923469e+00,9.637162848765816747e+00,9.912912297130922923e+00,1.207978827585619541e+01,1.416978325274805250e+01,1.429425480911547375e+01,1.472859585167157981e+01,1.329115198450110213e+01,1.322014465570010877e+01,1.071648642437830468e+01,1.379508751762979735e+01,1.581932988434168763e+01,1.366520198620922066e+01,1.408606991475168080e+01,1.166040804387563590e+01,1.200025550656871687e+01,9.497883588523915677e+00,1.105450175417224479e+01,1.345074328241846828e+01,1.147252051100353221e+01,8.091528456151063864e+00,7.989662072802192760e+00,7.194177883270984175e+00,8.813188192269844734e+00,1.197250905580622415e+01,1.176111069443487445e+01,1.128876226402632810e+01,1.402307503294646018e+01,1.610788189546499893e+01,1.580226490978002296e+01,1.643221078962114845e+01,1.974362109764901518e+01,2.056827161659736447e+01,2.097939714938604183e+01
2.203678315497551310e+01,1.896361842000839459e+01,1.632670529013870109e+01,1.523777028763843511e+01,1.260400460470407324e+01,9.828999324799742254e+00,1.037768247314624936e+01,6.933941964673993041e+00,3.840338745226191453e+00,0.000000000000000000e+00,3.804471897860202567e+00,5.507526114093594494e+00,4.997267611140447485e+00,6.196724874135187022e+00,8.459864072505599353e+00,9.561631588649614599e+00,1.066277908228177296e+01,1.244415159042163666e+01,1.351644311507130958e+01,1.427385554820029157e+01,1.382861537591555035e+01,1.452972433294270083e+01,1.287445772100564589e+01,1.621047229387935928e+01,1.807019528056181201e+01,1.618709883798694094e+01,1.718347305619101562e+01,1.506362476505018222e+01,1.567467529199935505e+01,1.320215904022948727e+01,1.477831015162421302e+01,1.726711379788722667e+01,1.520078540467359929e+01,1.182996140801221152e+01,1.127903484830511438e+01,9.960891217968850242e+00,1.027917937969562168e+01,1.391216049485861284e+01,1.424294626233658612e+01,1.297315504755778193e+01,1.520745148535658231e+01,1.794128068324274139e+01,1.762900894784208106e+01,1.745592289811336428e+01,2.090828827735773032e+01,2.221992016886208532e+01,2.221267462593377218e+01
2.482388538159781532e+01,2.149750842037664356e+01,1.922745974522029755e+01,1.840097641815101781e+01,1.550396886913350336e+01,1.233212232775094286e+01,1.181430899203399321e+01,8.008604822494957531e+00,5.462815077958760313e+00,3.804471897860202567e+00,0.000000000000000000e+00,3.794571069928239559e+00,5.429695547520461574e+00,5.301619446059785190e+00,6.053166524877831023e+00,8.340360376420941080e+00,9.978140034710676787e+00,1.072195926037075786e+01,1.131933028755233472e+01,1.297289600458283232e+01,1.247568613486335387e+01,1.394704674935528743e+01,1.260186683105273175e+01,1.628726630059968628e+01,1.736761955670866797e+01,1.507994687466446315e+01,1.618133218764183567e+01,1.422414671815421272e+01,1.524588797806272034e+01,1.333135211800324171e+01,1.575772505442393090e+01,1.811994780700642593e+01,1.601792666188638137e+01,1.230160593594988327e+01,1.057336894178481579e+01,8.421344195604673288e+00,7.437440918565954462e+00,1.120828624610603974e+01,1.208601516625435934e+01,1.043590023013285872e+01,1.203306292304243463e+01,1.512212733734972936e+01,1.517320351980062831e+01,1.456543645165855594e+01,1.785478970402427734e+01,1.959968796491079246e+01,1.971568273232630730e+01
2.274842984372708443e+01,1.919997144361518693e+01,1.742161123662464917e+01,1.705112142512830076e+01,1.407570296605553573e+01,1.049494023413504351e+01,9.259570113008649628e+00,5.647572979695488549e+00,5.123990169353422885e+00,5.507526114093594494e+00,3.794571069928239559e+00,0.000000000000000000e+00,3.787470400503041734e+00,5.436575926855440777e+00,4.833815820949883602e+00,5.624724553514591108e+00,8.384981141757192447e+00,9.742681354972445362e+00,9.369972353134242482e+00,1.041813468360651740e+01,9.172133187633562557e+00,1.028963991418509671e+01,8.853709887553424807e+00,1.258576738626702074e+01,1.357712726284503013e+01,1.141666810804162147e+01,1.284661150468383717e+01,1.139382253625376684e+01,1.310201093324353039e+01,1.187696218536371795e+01,1.437142783125629997e+01,1.606005669808812897e+01,1.345616912411593624e+01,9.797907845159723905e+00,7.726071198682019414e+00,6.630219780149960940e+00,6.342777475564060907e+00,9.912199763954596676e+00,9.651402883167037317e+00,7.680198698928637491e+00,1.017399958461231080e+01,1.285223867907265038e+01,1.221667230481223676e+01,1.201204473382950155e+01,1.552805089423375051e+01,1.674161368695089891e+01,1.673001772168128554e+01
2.060597671083235838e+01,1.722863914220265968e+01,1.504754026068133044e+01,1.509994496195321645e+01,1.274855306678977307e+01,9.179700967506615683e+00,9.211654595124704414e+00,6.094012634264024619e+00,5.867735494786328942e+00,4.997267611140447485e+00,5.429695547520461574e+00,3.787470400503041734e+00,0.000000000000000000e+00,3.793935878770561043e+00,5.411599089633896575e+00,4.898711639068001666e+00,6.255535686802511819e+00,8.773615729901047544e+00,9.465277531408922584e+00,9.495937477418975092e+00,9.143175802767498084e+00,9.964701562752672714e+00,9.151438043148196755e+00,1.258290410771005341e+01,1.419277086444325775e+01,1.295918875842505535e+01,1.490059973060766474e+01,1.383551061991054709e+01,1.558187904667449430e+01,1.413545518753497809e+01,1.590215821438878940e+01,1.742987568255805897e+01,1.450451283517411483e+01,1.125982020306910414e+01,1.013776399701414377e+01,9.972399683197796350e+00,1.012835268459445537e+01,1.364440047680570878e+01,1.297035110332298657e+01,1.077325087527817260e+01,1.346725296839042940e+01,1.608342847793356611e+01,1.482301277678891083e+01,1.443631157419664035e+01,1.816235982775583935e+01,1.912900736592489181e+01,1.849752014846516701e+01
2.391138278378773663e+01,2.064777388579706496e+01,1.827810627364772245e+01,1.843749627903374133e+01,1.629577689125788709e+01,1.285896482214688064e+01,1.296862946013891005e+01,9.657065352656184487e+00,8.553447359160923469e+00,6.196724874135187022e+00,5.301619446059785190e+00,5.436575926855440777e+00,3.793935878770561043e+00,0.000000000000000000e+00,3.790458528726837084e+00,5.348919466628733410e+00,5.146961503647392355e+00,6.318572744973034006e+00,8.128100659789359028e+00,9.166070384287650086e+00,1.002794862145602117e+01,1.201156223226849207e+01,1.203906998266713835e+01,1.559230891444731526e+01,1.662111266285456423e+01,1.536484158439063563e+01,1.755783632499260705e+01,1.661318484781087434e+01,1.846942877023559859e+01,1.705441639701138001e+01,1.916194172898060799e+01,2.090050266264684353e+01,1.808027414476455164e+01,1.466049664694564214e+01,1.297787752277926465e+01,1.201882875052819166e+01,1.096304371247287612e+01,1.462030679552911749e+01,1.463978891399735005e+01,1.189365318795939253e+01,1.370365034605629617e+01,1.689733082714595369e+01,1.589514791856494647e+01,1.460309256761093977e+01,1.824012057489751726e+01,1.983535787923934279e+01,1.892646804157418217e+01
2.542864855028663129e+01,2.191227926258163805e+01,2.008272453414107162e+01,2.038421930391424297e+01,1.789549168258226430e+01,1.419322884137791441e+01,1.327804014493134410e+01,1.002372458721697157e+01,9.637162848765816747e+00,8.459864072505599353e+00,6.053166524877831023e+00,4.833815820949883602e+00,5.411599089633896575e+00,3.790458528726837084e+00,0.000000000000000000e+00,3.790741289470558772e+00,5.352341196124005052e+00,5.184481823628230401e+00,5.289768733584908844e+00,7.372755282232872354e+00,7.705502842682129483e+00,1.039537314617099995e+01,1.071140904179745235e+01,1.440090566360749236e+01,1.461122687874047621e+01,1.306953311316483557e+01,1.541628507083190769e+01,1.486973539756983520e+01,1.719694204608217802e+01,1.646935546337748590e+01,1.910351623642641172e+01,2.051590867725498057e+01,1.763390754153213180e+01,1.413836003246589534e+01,1.161608289837422703e+01,1.056199792650235558e+01,8.812412841801204877e+00,1.210335532457897756e+01,1.205636610907965967e+01,8.839607522619523650e+00,1.028536106350130908e+01,1.355041228665628417e+01,1.253614448446791307e+01,1.090777308285535163e+01,1.450043959318579034e+01,1.626246067051037159e+01,1.540166945478041960e+01
2.254561323384414351e+01,1.898762673233601816e+01,1.749824217372364288e+01,1.832931373210099224e+01,1.611736557419287408e+01,1.234634791579351010e+01,1.141336019342948127e+01,8.946794659053832532e+00,9.912912297130922923e+00,9.561631588649614599e+00,8.340360376420941080e+00,5.624724553514591108e+00,4.898711639068001666e+00,5.348919466628733410e+00,3.790741289470558772e+00,0.000000000000000000e+00,3.799570077078203933e+00,5.697382909196279321e+00,5.003472530433134224e+00,4.873860366641231678e+00,4.701517468035927294e+00,6.924383984021551086e+00,7.788860035587389596e+00,1.122036864039214166e+01,1.166528469667355772e+01,1.088453189120461140e+01,1.374535049153520738e+01,1.382896974923657751e+01,1.654966140954883969e+01,1.618545809876915698e+01,1.842171700548330548e+01,1.924167905830157821e+01,1.594616531808700621e+01,1.288713781477460252e+01,1.076537426044291124e+01,1.101787627632701216e+01,1.034524576342867164e+01,1.328385048085277376e+01,1.210931481465969206e+01,8.911928551894183315e+00,1.132748420566189651e+01,1.386736975222380686e+01,1.190065465937596123e+01,1.085732378934796216e+01,1.465178496117935047e+01,1.556836031282788646e+01,1.430004997027303304e+01
2.316844776046526988e+01,1.989169214837516719e+01,1.802055351308958819e+01,1.920500544722048275e+01,1.758708407506820848e+01,1.403338718116145145e+01,1.399899761092178707e+01,1.162236949570391431e+01,1.207978827585619541e+01,1.066277908228177296e+01,9.978140034710676787e+00,8.384981141757192447e+00,6.255535686802511819e+00,5.146961503647392355e+00,5.352341196124005052e+00,3.799570077078203933e+00,0.000000000000000000e+00,3.808256688770913723e+00,5.525938560986673131e+00,4.788403292229875596e+00,6.996955861602017102e+00,9.277877198475216858e+00,1.086325542381522347e+01,1.386658189465121716e+01,1.450026741518374607e+01,1.433603672501358339e+01,1.738305115949858148e+01,1.753793988097519119e+01,2.015240419042717335e+01,1.950288640884278024e+01,2.147849556961331885e+01,2.241323836206855091e+01,1.906139106412312145e+01,1.612517971975566411e+01,1.437333547536445089e+01,1.450387049767385506e+01,1.362529227832574286e+01,1.677116618432934914e+01,1.586107118093309332e+01,1.256291183669466349e+01,1.457508095024314798e+01,1.733775484234222475e+01,1.532055887646790282e+01,1.377046505394643994e+01,1.746064790425375435e+01,1.855049357480191219e+01,1.675322074910052095e+01
2.694711516931673145e+01,2.362102175629664913e+01,2.179404214293634823e+01,2.283640942917191552e+01,2.099825978200862409e+01,1.735826199599902253e+01,1.693623290873971499e+01,1.418146412246466959e+01,1.416978325274805250e+01,1.244415159042163666e+01,1.072195926037075786e+01,9.742681354972445362e+00,8.773615729901047544e+00,6.318572744973034006e+00,5.184481823628230401e+00,5.697382909196279321e+00,3.808256688770913723e+00,0.000000000000000000e+00,3.785425748592013750e+00,5.390919807931521035e+00,8.160085279409109660e+00,1.142794290748951802e+01,1.324892250528871607e+01,1.640771562223383029e+01,1.629338451723092973e+01,1.579260692948069966e+01,1.884273138769890821e+01,1.906121020281736023e+01,2.178409704666387725e+01,2.131472176535271501e+01,2.374571067086040088e+01,2.482353518904135470e+01,2.161150816418891552e+01,1.842925726148473231e+01,1.606040521343231475e+01,1.553974898432950269e+01,1.373408598132629344e+01,1.668154499962416182e+01,1.633113135605985278e+01,1.271014567437656595e+01,1.374064151772043374e+01,1.684723371137413750e+01,1.518890459320247643e+01,1.279400054423942557e+01,1.618120459472616446e+01,1.790319723054958700e+01,1.598578402534937482e+01
2.700797745903878067e+01,2.347140641282529572e+01,2.217425038657539815e+01,2.325100512680643661e+01,2.110116282059091475e+01,1.732364160289088773e+01,1.611403562837617187e+01,1.363711986081085570e+01,1.429425480911547375e+01,1.351644311507130958e+01,1.131933028755233472e+01,9.369972353134242482e+00,9.465277531408922584e+00,8.128100659789359028e+00,5.289768733584908844e+00,5.003472530433134224e+00,5.525938560986673131e+00,3.785425748592013750e+00,0.000000000000000000e+00,3.818926595042994698e+00,5.498250537271721861e+00,9.231214772185214912e+00,1.125307256082052554e+01,1.430388097845813000e+01,1.349215562767372489e+01,1.288013652548954546e+01,1.603603859816301380e+01,1.670704595373295120e+01,1.977571655047831456e+01,1.991645031315498215e+01,2.258845032507945305e+01,2.328320085351091961e+01,2.004783210930232684e+01,1.699642179752502003e+01,1.420852074460836079e+01,1.397030778939691587e+01,1.212800316806755418e+01,1.448111209168521540e+01,1.373044050405548333e+01,9.958309320596150371e+00,1.089646319536058705e+01,1.364934000788057311e+01,1.170310553396818598e+01,9.215900942142956964e+00,1.261035617087035376e+01,1.415971503909592855e+01,1.221166688882391860e+01
2.426913584012091363e+01,2.083388888617018608e+01,1.978187724101384148e+01,2.137529470187214287e+01,1.965590110144394842e+01,1.600650500877776494e+01,1.507226003312955065e+01,1.331829612139445196e+01,1.472859585167157981e+01,1.427385554820029157e+01,1.297289600458283232e+01,1.041813468360651740e+01,9.495937477418975092e+00,9.166070384287650086e+00,7.372755282232872354e+00,4.873860366641231678e+00,4.788403292229875596e+00,5.390919807931521035e+00,3.818926595042994698e+00,0.000000000000000000e+00,3.800989125831028659e+00,6.876246833445852857e+00,9.736546635186630994e+00,1.218687973051011042e+01,1.170528352670632621e+01,1.211303098759971419e+01,1.565460541129326266e+01,1.678415569841679655e+01,2.001337067442735318e+01,2.026927980411603869e+01,2.247017475233447925e+01,2.273381597148989286e+01,1.920407031395802022e+01,1.661867728713685821e+01,1.440477670599373816e+01,1.510834823756565903e+01,1.415387263190163658e+01,1.648488132707637632e+01,1.494651727595741875e+01,1.141637077164958392e+01,1.323943628399653605e+01,1.537678720995875636e+01,1.268579888867028060e+01,1.098094444354635968e+01,1.443332754939472196e+01,1.506291118728151446e+01,1.269327287877012012e+01
2.291919060819640919e+01,1.928331088737314047e+01,1.867602464174350274e+01,2.003831769510146188e+01,1.793758592901519577e+01,1.426844314007629144e+01,1.258262972232792265e+01,1.122480180649488979e+01,1.329115198450110213e+01,1.382861537591555035e+01,1.247568613486335387e+01,9.172133187633562557e+00,9.143175802767498084e+00,1.002794862145602117e+01,7.705502842682129483e+00,4.701517468035927294e+00,6.996955861602017102e+00,8.160085279409109660e+00,5.498250537271721861e+00,3.800989125831028659e+00,0.000000000000000000e+00,3.803526665396645079e+00,6.429775063616306241e+00,8.961987255963697052e+00,8.191063522330484403e+00,8.312578349351653628e+00,1.188067377050001028e+01,1.324136110650559139e+01,1.663735096812266434e+01,1.730209258774349479e+01,1.954977216272990503e+01,1.950504252664251936e+01,1.599786723284813661e+01,1.358562930548366765e+01,1.125383965108601103e+01,1.247612045351234578e+01,1.205536354081879935e+01,1.392552377757535353e+01,1.180408677841823639e+01,8.584066532243467051e+00,1.101075404539394320e+01,1.254835913653905521e+01,9.566650652465044757e+00,8.785538930914698952e+00,1.233983241033729783e+01,1.240221619059057012e+01,1.056060235487366583e+01
1.979853297718504379e+01,1.614472004748532541e+01,1.607147279010987262e+01,1.763535050789229430e+01,1.569755465375897430e+01,1.231292249460023136e+01,1.047320607158044581e+01,1.028091007904247611e+01,1.322014465570010877e+01,1.452972433294270083e+01,1.394704674935528743e+01,1.028963991418509671e+01,9.964701562752672714e+00,1.201156223226849207e+01,1.039537314617099995e+01,6.924383984021551086e+00,9.277877198475216858e+00,1.142794290748951802e+01,9.231214772185214912e+00,6.876246833445852857e+00,3.803526665396645079e+00,0.000000000000000000e+00,3.802814405235187323e+00,5.343298226997855949e+00,5.346052467274698294e+00,6.526971860745186760e+00,1.009415497640317483e+01,1.181759430192073168e+01,1.518630240527468089e+01,1.606569164726366949e+01,1.776226936986908811e+01,1.716500137454271524e+01,1.348508438578176083e+01,1.178036262073009866e+01,1.026980623309377094e+01,1.257516413220445450e+01,1.327224932685043335e+01,1.485902111571542328e+01,1.201995484459784969e+01,9.722028964436921328e+00,1.286511139938894921e+01,1.360348986823782802e+01,1.035251540340973442e+01,1.089727791492545350e+01,1.418648819362496560e+01,1.332017258625514877e+01,1.184961941562812626e+01
1.838208517688544319e+01,1.459675661900400812e+01,1.454572421338581734e+01,1.543437240192080040e+01,1.297216127292504062e+01,9.645861220628784594e+00,7.088715910202030734e+00,7.335221966381220149e+00,1.071648642437830468e+01,1.287445772100564589e+01,1.260186683105273175e+01,8.853709887553424807e+00,9.151438043148196755e+00,1.203906998266713835e+01,1.071140904179745235e+01,7.788860035587389596e+00,1.086325542381522347e+01,1.324892250528871607e+01,1.125307256082052554e+01,9.736546635186630994e+00,6.429775063616306241e+00,3.802814405235187323e+00,0.000000000000000000e+00,3.802609938122945898e+00,5.305489922751588594e+00,4.883487004940820775e+00,7.521125907906756503e+00,8.533536519284071531e+00,1.162931136833927148e+01,1.239033310472693827e+01,1.397062424114321111e+01,1.341710349038189598e+01,9.765961979405792803e+00,8.002485833160278617e+00,6.882138697885348044e+00,9.754357617666766345e+00,1.137091625428874586e+01,1.284368362956372422e+01,9.814495603997714923e+00,8.501769824492088290e+00,1.217610125471150262e+01,1.265452858460385066e+01,9.984014258334022784e+00,1.148130512828643113e+01,1.470575269173575883e+01,1.380443591300342909e+01,1.336626419686612621e+01
1.684447509084165162e+01,1.319544911935732046e+01,1.411928768989467819e+01,1.545246575726711313e+01,1.347299961188729256e+01,1.086712093028146420e+01,8.432879703980644237e+00,1.010639467197795405e+01,1.379508751762979735e+01,1.621047229387935928e+01,1.628726630059968628e+01,1.258576738626702074e+01,1.258290410771005341e+01,1.559230891444731526e+01,1.440090566360749236e+01,1.122036864039214166e+01,1.386658189465121716e+01,1.640771562223383029e+01,1.430388097845813000e+01,1.218687973051011042e+01,8.961987255963697052e+00,5.343298226997855949e+00,3.802609938122945898e+00,0.000000000000000000e+00,3.804816361521396129e+00,5.499645072027373516e+00,7.657551339736206941e+00,9.614752549723425190e+00,1.257732742555245409e+01,1.390180476767943674e+01,1.479447302956311816e+01,1.328378833183684726e+01,9.632129983519730487e+00,9.361478180619883460e+00,9.241635361809548144e+00,1.269738419507869587e+01,1.472014313615267689e+01,1.563817936178658030e+01,1.218585864945895025e+01,1.150362034047449811e+01,1.504351358725157972e+01,1.474364005290094859e+01,1.176673981998046514e+01,1.380510271013140766e+01,1.655414207937082338e+01,1.481677485057252142e+01,1.432403429273050222e+01
2.048635535717556877e+01,1.690231267535603621e+01,1.787015244993723684e+01,1.921874481140534030e+01,1.708073988135748777e+01,1.425446009476288545e+01,1.146925916496621234e+01,1.240597773020989791e+01,1.581932988434168763e+01,1.807019528056181201e+01,1.736761955670866797e+01,1.357712726284503013e+01,1.419277086444325775e+01,1.662111266285456423e+01,1.461122687874047621e+01,1.166528469667355772e+01,1.450026741518374607e+01,1.629338451723092973e+01,1.349215562767372489e+01,1.170528352670632621e+01,8.191063522330484403e+00,5.346052467274698294e+00,5.305489922751588594e+00,3.804816361521396129e+00,0.000000000000000000e+00,3.809175508406949628e+00,6.811683011580366376e+00,9.856976659748262648e+00,1.338160466366295331e+01,1.539544823347806712e+01,1.692431121550601958e+01,1.534355298312309479e+01,1.198141340482302653e+01,1.142351097193167142e+01,1.017614495282115605e+01,1.324754499525778506e+01,1.459772646352468684e+01,1.491069787619322895e+01,1.132266521111160174e+01,1.040512565392820754e+01,1.341214032148580593e+01,1.261316051266400251e+01,9.217393090186895677e+00,1.132481433454862518e+01,1.361639813861971682e+01,1.146193226010513833e+01,1.085158193516920200e+01
2.189524503852275927e+01,1.817824895374775451e+01,1.871685067913911382e+01,1.935838556597342830e+01,1.660868579813133650e+01,1.360275332776359747e+01,1.026329511564187236e+01,1.057589039437894662e+01,1.366520198620922066e+01,1.618709883798694094e+01,1.507994687466446315e+01,1.141666810804162147e+01,1.295918875842505535e+01,1.536484158439063563e+01,1.306953311316483557e+01,1.088453189120461140e+01,1.433603672501358339e+01,1.579260692948069966e+01,1.288013652548954546e+01,1.211303098759971419e+01,8.312578349351653628e+00,6.526971860745186760e+00,4.883487004940820775e+00,5.499645072027373516e+00,3.809175508406949628e+00,0.000000000000000000e+00,3.803775146527871076e+00,6.541353301463134429e+00,1.028230344319957901e+01,1.242056956349138019e+01,1.453870338853093536e+01,1.340986341689189132e+01,1.034373870773105253e+01,9.092979634372291287e+00,7.034169962928746855e+00,9.848073991841522101e+00,1.123024379092644764e+01,1.120567332256799631e+01,7.547073368148055295e+00,7.169540173728556454e+00,1.028604157868973168e+01,9.372175494433884424e+00,6.508677298136960054e+00,9.242799333644358128e+00,1.157572859885662275e+01,9.899328910567273709e+00,1.033931806319496793e+01
2.249553987671595578e+01,1.889461035603401129e+01,1.964632670075877030e+01,1.969587242930153081e+01,1.664175591766391094e+01,1.413201099806540739e+01,1.040203666634562296e+01,1.115288795984460712e+01,1.408606991475168080e+01,1.718347305619101562e+01,1.618133218764183567e+01,1.284661150468383717e+01,1.490059973060766474e+01,1.755783632499260705e+01,1.541628507083190769e+01,1.374535049153520738e+01,1.738305115949858148e+01,1.884273138769890821e+01,1.603603859816301380e+01,1.565460541129326266e+01,1.188067377050001028e+01,1.009415497640317483e+01,7.521125907906756503e+00,7.657551339736206941e+00,6.811683011580366376e+00,3.803775146527871076e+00,0.000000000000000000e+00,3.790632074075440006e+00,7.259029002709368683e+00,1.016348851733399705e+01,1.223957045510386621e+01,1.078517477764722976e+01,8.465703363779764956e+00,7.859938330503647208e+00,6.286078968422761371e+00,9.214096609107182090e+00,1.133240955264426653e+01,1.043409003775314403e+01,6.693736393688923592e+00,8.244212155024897015e+00,1.104141506681289719e+01,9.322190927450536790e+00,7.718544378986237575e+00,1.119994638689884425e+01,1.285348866742453033e+01,1.105808315793173691e+01,1.261115879465714862e+01
2.238125308451083129e+01,1.882530829433481401e+01,1.910106570631858958e+01,1.844995534704372631e+01,1.500908513132523403e+01,1.266773937028646912e+01,8.893496861736032599e+00,9.262390346753470283e+00,1.166040804387563590e+01,1.506362476505018222e+01,1.422414671815421272e+01,1.139382253625376684e+01,1.383551061991054709e+01,1.661318484781087434e+01,1.486973539756983520e+01,1.382896974923657751e+01,1.753793988097519119e+01,1.906121020281736023e+01,1.670704595373295120e+01,1.678415569841679655e+01,1.324136110650559139e+01,1.181759430192073168e+01,8.533536519284071531e+00,9.614752549723425190e+00,9.856976659748262648e+00,6.541353301463134429e+00,3.790632074075440006e+00,0.000000000000000000e+00,3.796433599102126966e+00,6.476531940813036847e+00,9.014849939590488859e+00,8.396126888081896666e+00,6.655424245446222464e+00,5.280597024349338753e+00,3.821346943349380521e+00,6.431706739930295846e+00,9.335927076577268835e+00,8.558467804014870950e+00,5.449032681420185042e+00,8.021976060123170882e+00,1.084339585551006202e+01,9.729913744848502688e+00,9.334233875644105893e+00,1.247704881665344168e+01,1.434573496167278783e+01,1.338488590401951583e+01,1.522339200756425548e+01
2.277703802174702474e+01,1.948541218798375851e+01,1.967389179437711277e+01,1.832387959884659168e+01,1.472547798080911896e+01,1.311628399088694508e+01,9.661554370452932972e+00,1.025604042922679326e+01,1.200025550656871687e+01,1.567467529199935505e+01,1.524588797806272034e+01,1.310201093324353039e+01,1.558187904667449430e+01,1.846942877023559859e+01,1.719694204608217802e+01,1.654966140954883969e+01,2.015240419042717335e+01,2.178409704666387725e+01,1.977571655047831456e+01,2.001337067442735318e+01,1.663735096812266434e+01,1.518630240527468089e+01,1.162931136833927148e+01,1.257732742555245409e+01,1.338160466366295331e+01,1.028230344319957901e+01,7.259029002709368683e+00,3.796433599102126966e+00,0.000000000000000000e+00,3.792245926464951289e+00,6.154640799729236278e+00,6.029837138842893296e+00,6.096542717996040750e+00,5.461703590835315758e+00,5.786885487234703085e+00,7.295074909967127930e+00,1.067284058022420190e+01,9.736942222204891806e+00,7.813562698012011865e+00,1.092576897298523164e+01,1.334422931518901301e+01,1.231812825563403102e+01,1.271710474417422709e+01,1.575773667498029873e+01,1.742350301064104556e+01,1.667967354669592694e+01,1.882182017558507425e+01
2.187026405960360975e+01,1.871143852230495241e+01,1.827843189604611851e+01,1.638405682934732610e+01,1.263384527039266736e+01,1.128034557395512927e+01,8.492496324597350821e+00,8.603419253999005534e+00,9.497883588523915677e+00,1.320215904022948727e+01,1.333135211800324171e+01,1.187696218536371795e+01,1.413545518753497809e+01,1.705441639701138001e+01,1.646935546337748590e+01,1.618545809876915698e+01,1.950288640884278024e+01,2.131472176535271501e+01,1.991645031315498215e+01,2.026927980411603869e+01,1.730209258774349479e+01,1.606569164726366949e+01,1.239033310472693827e+01,1.390180476767943674e+01,1.539544823347806712e+01,1.242056956349138019e+01,1.016348851733399705e+01,6.476531940813036847e+00,3.792245926464951289e+00,0.000000000000000000e+00,3.796599096266962903e+00,6.013617120981186837e+00,6.386889830712276783e+00,4.823888692142038082e+00,6.137964449386505983e+00,6.646780813960919687e+00,1.028066559632026333e+01,1.038994609165231964e+01,9.404562433030395852e+00,1.195207691234865521e+01,1.446379124048057463e+01,1.436078059897420900e+01,1.489095159428018889e+01,1.737442196778618708e+01,1.949121317067289638e+01,1.928042301316602547e+01,2.112725256758708881e+01
1.970461352488931794e+01,1.693709738313089730e+01,1.671806159706979145e+01,1.440690420658136617e+01,1.089627431704981753e+01,1.070933657059751987e+01,8.630831670278620749e+00,9.945950259102183111e+00,1.105450175417224479e+01,1.477831015162421302e+01,1.575772505442393090e+01,1.437142783125629997e+01,1.590215821438878940e+01,1.916194172898060799e+01,1.910351623642641172e+01,1.842171700548330548e+01,2.147849556961331885e+01,2.374571067086040088e+01,2.258845032507945305e+01,2.247017475233447925e+01,1.954977216272990503e+01,1.776226936986908811e+01,1.397062424114321111e+01,1.479447302956311816e+01,1.692431121550601958e+01,1.453870338853093536e+01,1.223957045510386621e+01,9.014849939590488859e+00,6.154640799729236278e+00,3.796599096266962903e+00,0.000000000000000000e+00,3.790889491639333642e+00,5.606219587618065603e+00,6.012057109881317807e+00,8.908481532565829752e+00,1.013000455098036490e+01,1.384563043819260564e+01,1.417496796149224281e+01,1.292203102428556960e+01,1.529523210008330381e+01,1.807795205627451196e+01,1.786953011877946196e+01,1.803670152217453548e+01,2.066205967710587998e+01,2.287741910163600423e+01,2.233734509927230505e+01,2.402545716622305960e+01
1.861673198324562151e+01,1.587395367627981457e+01,1.650804228527440287e+01,1.473190164069496610e+01,1.158949325183132295e+01,1.153540926367892716e+01,9.025309412667521514e+00,1.136007164694467519e+01,1.345074328241846828e+01,1.726711379788722667e+01,1.811994780700642593e+01,1.606005669808812897e+01,1.742987568255805897e+01,2.090050266264684353e+01,2.051590867725498057e+01,1.924167905830157821e+01,2.241323836206855091e+01,2.482353518904135470e+01,2.328320085351091961e+01,2.273381597148989286e+01,1.950504252664251936e+01,1.716500137454271524e+01,1.341710349038189598e+01,1.328378833183684726e+01,1.534355298312309479e+01,1.340986341689189132e+01,1.078517477764722976e+01,8.396126888081896666e+00,6.029837138842893296e+00,6.013617120981186837e+00,3.790889491639333642e+00,0.000000000000000000e+00,3.783365292079485798e+00,6.405450440231533094e+00,9.475937345681353818e+00,1.177791331082861070e+01,1.555528938264293437e+01,1.544426162835699223e+01,1.337085332245216307e+01,1.584312957904925412e+01,1.881479954801532983e+01,1.798494667792664359e+01,1.768149744960321712e+01,2.072888040741243643e+01,2.274127812333008691e+01,2.157764836630412830e+01,2.325294434866859206e+01
1.674716276015156424e+01,1.355038671807604622e+01,1.413669517851211843e+01,1.301763887753723914e+01,9.824403305842908551e+00,8.900525500147711710e+00,5.867449059541010925e+00,8.623994771115379265e+00,1.147252051100353221e+01,1.520078540467359929e+01,1.601792666188638137e+01,1.345616912411593624e+01,1.450451283517411483e+01,1.808027414476455164e+01,1.763390754153213180e+01,1.594616531808700621e+01,1.906139106412312145e+01,2.161150816418891552e+01,2.004783210930232684e+01,1.920407031395802022e+01,1.599786723284813661e+01,1.348508438578176083e+01,9.765961979405792803e+00,9.632129983519730487e+00,1.198141340482302653e+01,1.034373870773105253e+01,8.465703363779764956e+00,6.655424245446222464e+00,6.096542717996040750e+00,6.386889830712276783e+00,5.606219587618065603e+00,3.783365292079485798e+00,0.000000000000000000e+00,3.798916831390959814e+00,7.077329620776169783e+00,1.018264178693899247e+01,1.387199749056287601e+01,1.426133898198329675e+01,1.167726017793553162e+01,1.345308282189071747e+01,1.681497820026165613e+01,1.625810070084115821e+01,1.531472574811058607e+01,1.817411570406684973e+01,2.053687197116902041e+01,1.932985179403945253e+01,2.053152209471318912e+01
1.830136990900882665e+01,1.483652176201328743e+01,1.457029169806214242e+01,1.345573447087125807e+01,9.863890660153403545e+00,7.748415580401889713e+00,4.212563654561179760e+00,5.407009239254763955e+00,8.091528456151063864e+00,1.182996140801221152e+01,1.230160593594988327e+01,9.797907845159723905e+00,1.125982020306910414e+01,1.466049664694564214e+01,1.413836003246589534e+01,1.288713781477460252e+01,1.612517971975566411e+01,1.842925726148473231e+01,1.699642179752502003e+01,1.661867728713685821e+01,1.358562930548366765e+01,1.178036262073009866e+01,8.002485833160278617e+00,9.361478180619883460e+00,1.142351097193167142e+01,9.092979634372291287e+00,7.859938330503647208e+00,5.280597024349338753e+00,5.461703590835315758e+00,4.823888692142038082e+00,6.012057109881317807e+00,6.405450440231533094e+00,3.798916831390959814e+00,0.000000000000000000e+00,3.802799798601331549e+00,6.648904527593636260e+00,1.030392288796994293e+01,1.124407899415051304e+01,9.027220966328661333e+00,1.042589633017486861e+01,1.380898079762403796e+01,1.390516024151241581e+01,1.318871115890692991e+01,1.558881002517692771e+01,1.824466983399560505e+01,1.765448908435595143e+01,1.876618254582689715e+01
2.120992716448813198e+01,1.756105075863040810e+01,1.713445337478858477e+01,1.643422480424710841e+01,1.290899508575903099e+01,1.003649936111304442e+01,6.534439726964052397e+00,5.729630205596278891e+00,7.989662072802192760e+00,1.127903484830511438e+01,1.057336894178481579e+01,7.726071198682019414e+00,1.013776399701414377e+01,1.297787752277926465e+01,1.161608289837422703e+01,1.076537426044291124e+01,1.437333547536445089e+01,1.606040521343231475e+01,1.420852074460836079e+01,1.440477670599373816e+01,1.125383965108601103e+01,1.026980623309377094e+01,6.882138697885348044e+00,9.241635361809548144e+00,1.017614495282115605e+01,7.034169962928746855e+00,6.286078968422761371e+00,3.821346943349380521e+00,5.786885487234703085e+00,6.137964449386505983e+00,8.908481532565829752e+00,9.475937345681353818e+00,7.077329620776169783e+00,3.802799798601331549e+00,0.000000000000000000e+00,3.814708749186374703e+00,7.027722796758230750e+00,7.871594044174897498e+00,5.463231373133714541e+00,6.659858970968139502e+00,1.000932977834139770e+01,1.029928265032394741e+01,9.743246842779422323e+00,1.195992416825377092e+01,1.462013901671467941e+01,1.439631112739601271e+01,1.560481964706077918e+01
2.411364290311983893e+01,2.052883362404299916e+01,1.957524895111661323e+01,1.851857055822873477e+01,1.487093228779939658e+01,1.196902123592627909e+01,9.124275306003282182e+00,6.856733589347169477e+00,7.194177883270984175e+00,9.960891217968850242e+00,8.421344195604673288e+00,6.630219780149960940e+00,9.972399683197796350e+00,1.201882875052819166e+01,1.056199792650235558e+01,1.101787627632701216e+01,1.450387049767385506e+01,1.553974898432950269e+01,1.397030778939691587e+01,1.510834823756565903e+01,1.247612045351234578e+01,1.257516413220445450e+01,9.754357617666766345e+00,1.269738419507869587e+01,1.324754499525778506e+01,9.848073991841522101e+00,9.214096609107182090e+00,6.431706739930295846e+00,7.295074909967127930e+00,6.646780813960919687e+00,1.013000455098036490e+01,1.177791331082861070e+01,1.018264178693899247e+01,6.648904527593636260e+00,3.814708749186374703e+00,0.000000000000000000e+00,3.810997544780760027e+00,5.275310026003127817e+00,4.952174823989390795e+00,6.123744180147296490e+00,8.495604782218061146e+00,9.655038548891850425e+00,1.027405423869909562e+01,1.174361401248597403e+01,1.428061922181790244e+01,1.498978992437151270e+01,1.643701036698716678e+01
2.705713550836060222e+01,2.341413773722588587e+01,2.221988101541716532e+01,2.140551717157162770e+01,1.790187124231557902e+01,1.470148839869448487e+01,1.220852779136203914e+01,9.290695457583952432e+00,8.813188192269844734e+00,1.027917937969562168e+01,7.437440918565954462e+00,6.342777475564060907e+00,1.012835268459445537e+01,1.096304371247287612e+01,8.812412841801204877e+00,1.034524576342867164e+01,1.362529227832574286e+01,1.373408598132629344e+01,1.212800316806755418e+01,1.415387263190163658e+01,1.205536354081879935e+01,1.327224932685043335e+01,1.137091625428874586e+01,1.472014313615267689e+01,1.459772646352468684e+01,1.123024379092644764e+01,1.133240955264426653e+01,9.335927076577268835e+00,1.067284058022420190e+01,1.028066559632026333e+01,1.384563043819260564e+01,1.555528938264293437e+01,1.387199749056287601e+01,1.030392288796994293e+01,7.027722796758230750e+00,3.810997544780760027e+00,0.000000000000000000e+00,3.792788492285067203e+00,5.394464644362533257e+00,5.021316147112146133e+00,5.953524362131057401e+00,8.334491370740845895e+00,9.534897092102555760e+00,9.868748172132086438e+00,1.233973811381468977e+01,1.396208387988563793e+01,1.527462222800820335e+01
2.899664040045676217e+01,2.533203656459834008e+01,2.459278917291745969e+01,2.373286779430980431e+01,2.010462913720747835e+01,1.712523729688889773e+01,1.409980284578330334e+01,1.190171230467153229e+01,1.197250905580622415e+01,1.391216049485861284e+01,1.120828624610603974e+01,9.912199763954596676e+00,1.364440047680570878e+01,1.462030679552911749e+01,1.210335532457897756e+01,1.328385048085277376e+01,1.677116618432934914e+01,1.668154499962416182e+01,1.448111209168521540e+01,1.648488132707637632e+01,1.392552377757535353e+01,1.485902111571542328e+01,1.284368362956372422e+01,1.563817936178658030e+01,1.491069787619322895e+01,1.120567332256799631e+01,1.043409003775314403e+01,8.558467804014870950e+00,9.736942222204891806e+00,1.038994609165231964e+01,1.417496796149224281e+01,1.544426162835699223e+01,1.426133898198329675e+01,1.124407899415051304e+01,7.871594044174897498e+00,5.275310026003127817e+00,3.792788492285067203e+00,0.000000000000000000e+00,3.795832121189788744e+00,5.459745020081372857e+00,5.152711849152674439e+00,5.984658992084924911e+00,8.394158927233325684e+00,9.510875550656329835e+00,1.093141336780801609e+01,1.234068320219950365e+01,1.451802182411812225e+01
2.638981294976084513e+01,2.267969014022260410e+01,2.237143644624154959e+01,2.186039320811477182e+01,1.835238141109167742e+01,1.533918427442283061e+01,1.192888949134860255e+01,1.049073648228281463e+01,1.176111069443487445e+01,1.424294626233658612e+01,1.208601516625435934e+01,9.651402883167037317e+00,1.297035110332298657e+01,1.463978891399735005e+01,1.205636610907965967e+01,1.210931481465969206e+01,1.586107118093309332e+01,1.633113135605985278e+01,1.373044050405548333e+01,1.494651727595741875e+01,1.180408677841823639e+01,1.201995484459784969e+01,9.814495603997714923e+00,1.218585864945895025e+01,1.132266521111160174e+01,7.547073368148055295e+00,6.693736393688923592e+00,5.449032681420185042e+00,7.813562698012011865e+00,9.404562433030395852e+00,1.292203102428556960e+01,1.337085332245216307e+01,1.167726017793553162e+01,9.027220966328661333e+00,5.463231373133714541e+00,4.952174823989390795e+00,5.394464644362533257e+00,3.795832121189788744e+00,0.000000000000000000e+00,3.805006683045241811e+00,5.565463911642595463e+00,5.085222133190036686e+00,6.006738919239841934e+00,8.332553847893121812e+00,1.011489454994655190e+01,1.042321534260680771e+01,1.248425242028535997e+01
2.623246133062966479e+01,2.245026796131442026e+01,2.186252687538340922e+01,2.181052046635894470e+01,1.856275948102071283e+01,1.510359547200571839e+01,1.212057635996714566e+01,1.008450450494751749e+01,1.128876226402632810e+01,1.297315504755778193e+01,1.043590023013285872e+01,7.680198698928637491e+00,1.077325087527817260e+01,1.189365318795939253e+01,8.839607522619523650e+00,8.911928551894183315e+00,1.256291183669466349e+01,1.271014567437656595e+01,9.958309320596150371e+00,1.141637077164958392e+01,8.584066532243467051e+00,9.722028964436921328e+00,8.501769824492088290e+00,1.150362034047449811e+01,1.040512565392820754e+01,7.169540173728556454e+00,8.244212155024897015e+00,8.021976060123170882e+00,1.092576897298523164e+01,1.195207691234865521e+01,1.529523210008330381e+01,1.584312957904925412e+01,1.345308282189071747e+01,1.042589633017486861e+01,6.659858970968139502e+00,6.123744180147296490e+00,5.021316147112146133e+00,5.459745020081372857e+00,3.805006683045241811e+00,0.000000000000000000e+00,3.800537736887276807e+00,5.331848180442920970e+00,4.836597717287859588e+00,5.653365659050791692e+00,8.559582895964290117e+00,9.486562312214518400e+00,1.050919639478275691e+01
3.002569641880124607e+01,2.624446987038463419e+01,2.557877082304853644e+01,2.544785448328238076e+01,2.213871696916035248e+01,1.869192247831121279e+01,1.578544698405261748e+01,1.348488840288287349e+01,1.402307503294646018e+01,1.520745148535658231e+01,1.203306292304243463e+01,1.017399958461231080e+01,1.346725296839042940e+01,1.370365034605629617e+01,1.028536106350130908e+01,1.132748420566189651e+01,1.457508095024314798e+01,1.374064151772043374e+01,1.089646319536058705e+01,1.323943628399653605e+01,1.101075404539394320e+01,1.286511139938894921e+01,1.217610125471150262e+01,1.504351358725157972e+01,1.341214032148580593e+01,1.028604157868973168e+01,1.104141506681289719e+01,1.084339585551006202e+01,1.334422931518901301e+01,1.446379124048057463e+01,1.807795205627451196e+01,1.881479954801532983e+01,1.681497820026165613e+01,1.380898079762403796e+01,1.000932977834139770e+01,8.495604782218061146e+00,5.953524362131057401e+00,5.152711849152674439e+00,5.565463911642595463e+00,3.800537736887276807e+00,0.000000000000000000e+00,3.794659321252876527e+00,5.335325277338675676e+00,4.709862075677377469e+00,6.465585711262356483e+00,8.699359193973933202e+00,1.019541029303591451e+01
3.042736669910079428e+01,2.666195923827438818e+01,2.651271610435146187e+01,2.640830644242230818e+01,2.305355805882994957e+01,1.983646150003448483e+01,1.648803068803057670e+01,1.494801962431102282e+01,1.610788189546499893e+01,1.794128068324274139e+01,1.512212733734972936e+01,1.285223867907265038e+01,1.608342847793356611e+01,1.689733082714595369e+01,1.355041228665628417e+01,1.386736975222380686e+01,1.733775484234222475e+01,1.684723371137413750e+01,1.364934000788057311e+01,1.537678720995875636e+01,1.254835913653905521e+01,1.360348986823782802e+01,1.265452858460385066e+01,1.474364005290094859e+01,1.261316051266400251e+01,9.372175494433884424e+00,9.322190927450536790e+00,9.729913744848502688e+00,1.231812825563403102e+01,1.436078059897420900e+01,1.786953011877946196e+01,1.798494667792664359e+01,1.625810070084115821e+01,1.390516024151241581e+01,1.029928265032394741e+01,9.655038548891850425e+00,8.334491370740845895e+00,5.984658992084924911e+00,5.085222133190036686e+00,5.331848180442920970e+00,3.794659321252876527e+00,0.000000000000000000e+00,3.798235607137896430e+00,5.417846181322792276e+00,5.522030092109690536e+00,6.483684670016161000e+00,9.188870615956384214e+00
2.810190810319432941e+01,2.433071833553559316e+01,2.439295479330489158e+01,2.477437579759255826e+01,2.171222982839614346e+01,1.837958573933156003e+01,1.509902978152028830e+01,1.395417711576287978e+01,1.580226490978002296e+01,1.762900894784208106e+01,1.517320351980062831e+01,1.221667230481223676e+01,1.482301277678891083e+01,1.589514791856494647e+01,1.253614448446791307e+01,1.190065465937596123e+01,1.532055887646790282e+01,1.518890459320247643e+01,1.170310553396818598e+01,1.268579888867028060e+01,9.566650652465044757e+00,1.035251540340973442e+01,9.984014258334022784e+00,1.176673981998046514e+01,9.217393090186895677e+00,6.508677298136960054e+00,7.718544378986237575e+00,9.334233875644105893e+00,1.271710474417422709e+01,1.489095159428018889e+01,1.803670152217453548e+01,1.768149744960321712e+01,1.531472574811058607e+01,1.318871115890692991e+01,9.743246842779422323e+00,1.027405423869909562e+01,9.534897092102555760e+00,8.394158927233325684e+00,6.006738919239841934e+00,4.836597717287859588e+00,5.335325277338675676e+00,3.798235607137896430e+00,0.000000000000000000e+00,3.801773453336943387e+00,5.278687797662870551e+00,4.806836306563440075e+00,6.489641694264258298e+00
2.985703784268482508e+01,2.607323675555321074e+01,2.574556244136085326e+01,2.629632350517093542e+01,2.335953292981362495e+01,1.976785069753514890e+01,1.691870205009077566e+01,1.511951975580290686e+01,1.643221078962114845e+01,1.745592289811336428e+01,1.456543645165855594e+01,1.201204473382950155e+01,1.443631157419664035e+01,1.460309256761093977e+01,1.090777308285535163e+01,1.085732378934796216e+01,1.377046505394643994e+01,1.279400054423942557e+01,9.215900942142956964e+00,1.098094444354635968e+01,8.785538930914698952e+00,1.089727791492545350e+01,1.148130512828643113e+01,1.380510271013140766e+01,1.132481433454862518e+01,9.242799333644358128e+00,1.119994638689884425e+01,1.247704881665344168e+01,1.575773667498029873e+01,1.737442196778618708e+01,2.066205967710587998e+01,2.072888040741243643e+01,1.817411570406684973e+01,1.558881002517692771e+01,1.195992416825377092e+01,1.174361401248597403e+01,9.868748172132086438e+00,9.510875550656329835e+00,8.332553847893121812e+00,5.653365659050791692e+00,4.709862075677377469e+00,5.417846181322792276e+00,3.801773453336943387e+00,0.000000000000000000e+00,3.802866412262543516e+00,5.595881002472844479e+00,5.753238084360632776e+00
3.302727050714887724e+01,2.925234513103951883e+01,2.916409591949071256e+01,2.966285764539427561e+01,2.663498077233560224e+01,2.315355289149244200e+01,2.007364703625448143e+01,1.846582782645251442e+01,1.974362109764901518e+01,2.090828827735773032e+01,1.785478970402427734e+01,1.552805089423375051e+01,1.816235982775583935e+01,1.824012057489751726e+01,1.450043959318579034e+01,1.465178496117935047e+01,1.746064790425375435e+01,1.618120459472616446e+01,1.261035617087035376e+01,1.443332754939472196e+01,1.233983241033729783e+01,1.418648819362496560e+01,1.470575269173575883e+01,1.655414207937082338e+01,1.361639813861971682e+01,1.157572859885662275e+01,1.285348866742453033e+01,1.434573496167278783e+01,1.742350301064104556e+01,1.949121317067289638e+01,2.287741910163600423e+01,2.274127812333008691e+01,2.053687197116902041e+01,1.824466983399560505e+01,1.462013901671467941e+01,1.428061922181790244e+01,1.233973811381468977e+01,1.093141336780801609e+01,1.011489454994655190e+01,8.559582895964290117e+00,6.465585711262356483e+00,5.522030092109690536e+00,5.278687797662870551e+00,3.802866412262543516e+00,0.000000000000000000e+00,3.804560945742903044e+00,5.355738395160217102e+00
3.161944572628805616e+01,2.791230392286189854e+01,2.830626710274061253e+01,2.900404950428433892e+01,2.610819514075447145e+01,2.281762544489734523e+01,1.953785688509325880e+01,1.864085903001979361e+01,2.056827161659736447e+01,2.221992016886208532e+01,1.959968796491079246e+01,1.674161368695089891e+01,1.912900736592489181e+01,1.983535787923934279e+01,1.626246067051037159e+01,1.556836031282788646e+01,1.855049357480191219e+01,1.790319723054958700e+01,1.415971503909592855e+01,1.506291118728151446e+01,1.240221619059057012e+01,1.332017258625514877e+01,1.380443591300342909e+01,1.481677485057252142e+01,1.146193226010513833e+01,9.899328910567273709e+00,1.105808315793173691e+01,1.338488590401951583e+01,1.667967354669592694e+01,1.928042301316602547e+01,2.233734509927230505e+01,2.157764836630412830e+01,1.932985179403945253e+01,1.765448908435595143e+01,1.439631112739601271e+01,1.498978992437151270e+01,1.396208387988563793e+01,1.234068320219950365e+01,1.042321534260680771e+01,9.486562312214518400e+00,8.699359193973933202e+00,6.483684670016161000e+00,4.806836306563440075e+00,5.595881002472844479e+00,3.804560945742903044e+00,0.000000000000000000e+00,3.803707923183913486e+00
3.099577018501946668e+01,2.733378710512247523e+01,2.766004018719878488e+01,2.879836538048581218e+01,2.622676234130560502e+01,2.278999405313801674e+01,1.987392139199416619e+01,1.893508683143512883e+01,2.097939714938604183e+01,2.221267462593377218e+01,1.971568273232630730e+01,1.673001772168128554e+01,1.849752014846516701e+01,1.892646804157418217e+01,1.540166945478041960e+01,1.430004997027303304e+01,1.675322074910052095e+01,1.598578402534937482e+01,1.221166688882391860e+01,1.269327287877012012e+01,1.056060235487366583e+01,1.184961941562812626e+01,1.336626419686612621e+01,1.432403429273050222e+01,1.085158193516920200e+01,1.033931806319496793e+01,1.261115879465714862e+01,1.522339200756425548e+01,1.882182017558507425e+01,2.112725256758708881e+01,2.402545716622305960e+01,2.325294434866859206e+01,2.053152209471318912e+01,1.876618254582689715e+01,1.560481964706077918e+01,1.643701036698716678e+01,1.527462222800820335e+01,1.451802182411812225e+01,1.248425242028535997e+01,1.050919639478275691e+01,1.019541029303591451e+01,9.188870615956384214e+00,6.489641694264258298e+00,5.753238084360632776e+00,5.355738395160217102e+00,3.803707923183913486e+00,0.000000000000000000e+00
